0000_383_2.0675_0.8574_0_27
1
1
1
1
1
1
1
1
1
1
1
1
1
1
1
1
1
1
1
1
1
1
1
1
1
1
1
1

0000_383_2.0675_0.8574_29_71
1
1
1
1
1
1
1
1
1
1
1
1
1
1
1
1
1
1
1
1
1
1
1
1
1
1
1
1
1
1
1
1
1
1
1
1
1
1
1

0002_335_2.2848_1.8765_21_31
1
1
1
1
1
1
1
1
1
1
1

0002_335_2.2848_1.8765_111_121
1
1
1
1
1
1
1
1
1
1
1

0002_335_2.2848_1.8765_130_140
1
1
1
1
1
1
1
1
1
1
1

0004_685_2.6622_2.3117_0_48
0
0
0
0
0
0
0
0
0
0
0
0
0
0
0
0
0
0
0
0
0
0
0
0
1
1
1
1
1
1
1
1
1
1
1
1
1
1
1
1
1
1
1
1
1
1
0
0

0005_267_2.6827_1.8288_0_37
0
0
1
1
1
1
1
1
1
1
1
1
1
1
1
1
1
1
1
1
1
1
1
1
1
1
1
1
1
1
1
1
1
1
1
1
1
1

0005_267_2.6827_1.8288_39_48
1
1
1
1
1
1
1
1
1
1

0006_235_2.6722_2.0846_0_48
0
0
0
0
0
0
0
0
0
0
0
0
0
0
0
0
0
0
0
0
0
0
0
0
1
1
1
1
1
1
1
1
1
1
1
1
1
1
1
1
1
1
1
0
0
0
0
0

0006_235_2.6722_2.0846_126_135
1
1
1
1
1
1
1
1
1
1

0007_910_2.7252_2.4624_0_10
1
1
1
1
1
1
1
1
1
1
1

0007_910_2.7252_2.4624_12_29
1
1
1
1
1
1
1
1
1
1
1
1
1
1
1
1
1
1

0008_656_2.6818_2.1103_0_52
1
1
1
1
1
1
1
1
1
1
1
0
0
0
0
0
0
0
0
0
0
0
0
0
0
0
0
0
0
0
0
0
0
1
1
1
1
1
1
1
1
1
1
1
1
1
1
1
1
1
1
1

0009_311_2.6273_1.6116_0_63
0
0
0
0
1
1
1
1
1
1
1
1
1
1
1
1
1
1
1
1
1
1
1
0
0
0
0
0
1
1
1
1
1
1
1
1
1
1
1
1
1
1
1
1
1
1
1
1
0
0
0
0
0
0
0
0
0
0
0
0
0
0
0

0009_311_2.6273_1.6116_113_133
1
1
1
1
1
1
1
1
1
1
1
1
1
1
1
1
1
1
1
0

0010_292_2.6374_2.3558_0_40
0
0
0
0
1
1
1
1
1
1
1
1
1
1
1
1
1
1
1
1
1
1
1
0
0
0
0
0
0
0
0
0
0
0
0
0
0
0
0
0

0010_292_2.6374_2.3558_42_52
1
1
1
1
1
1
1
1
1
1
1

0011_510_2.6664_2.4254_0_21
0
0
1
1
1
1
1
1
1
1
1
1
1
1
1
1
1
1
1
1
1

0011_510_2.6664_2.4254_114_136
1
1
1
1
1
1
1
1
1
1
1
1
1
1
1
1
1
1
1
1
0

0012_200_2.6013_1.2187_0_51
1
1
1
1
1
1
1
1
1
1
1
1
0
0
1
1
1
1
1
1
1
1
1
1
1
1
1
1
1
1
1
1
1
1
1
1
1
1
1
1
1
1
1
1
1
1
1
1
1
0
0

0012_200_2.6013_1.2187_58_69
1
1
1
1
1
1
1
1
1
1
1
1

0013_184_2.7221_1.5419_0_41
1
1
1
1
1
1
1
1
1
1
1
1
1
1
1
1
1
1
1
0
0
0
0
0
0
0
0
0
0
0
0
0
0
0
0
0
0
0
0
0
0

0014_214_2.6359_2.0236_0_37
0
0
0
0
0
1
1
1
1
1
1
1
1
1
1
1
1
1
1
1
1
1
1
1
0
0
0
0
0
0
0
0
0
0
0
0
0

0015_228_2.7217_2.4026_4_15
1
1
1
1
1
1
1
1
1
1
1
1

0017_305_1.8569_-0.1571_109_123
1
1
1
1
1
1
1
1
1
1
1
1
1
1
1

0018_305_1.7524_0.4910_0_58
0
0
0
0
0
0
0
0
0
0
0
0
0
0
0
0
0
0
0
0
0
0
1
1
1
1
1
1
1
1
1
1
1
1
1
1
1
1
1
1
1
1
1
1
1
1
1
1
1
0
0
0
0
0
0
0
0
0

0018_305_1.7524_0.4910_60_70
1
1
1
1
1
1
1
1
1
1
1

0018_305_1.7524_0.4910_121_134
1
1
1
1
1
1
1
1
1
1
1
1
1
1

0020_385_2.1644_1.7530_0_47
0
0
0
0
0
0
0
0
0
0
0
0
0
0
1
1
1
1
1
1
1
1
1
1
1
1
1
1
1
1
1
1
1
1
1
1
0
0
0
0
0
0
0
0
0
0
0

0021_164_2.1603_1.0052_0_19
1
1
1
1
1
1
1
1
1
1
1
1
1
1
1
1
1
1
1
1

0021_164_2.1603_1.0052_21_50
1
1
1
1
1
1
1
1
1
1
1
1
1
1
1
1
1
1
1
1
1
1
1
1

0021_164_2.1603_1.0052_52_63
1
1
1
1
1
1
1
1
1
1
1
1

0022_205_2.2866_1.8938_10_44
1
1
1
1
1
1
1
1
1
1
1
1
1
1
1
1
1
1
1
0
0
0
0
0
0
0

0022_205_2.2866_1.8938_46_55
1
1
1
1
1
1
1
1
1
1

0023_158_2.1573_1.6780_16_28
1
1
1
1
1
1
1
1
1
1
1
1
1

0023_158_2.1573_1.6780_30_40
1
1
1
1
1
1
1
1
1
1
1

0023_158_2.1573_1.6780_129_142
1
1
1
1
1
1
1
1
1
1
1
1
1
1

0024_90_1.9171_0.6154_0_31
1
1
1
1
1
1
1
1
1
1
1
1
1
1
1
1
1
1
1
1
1
1
1
1
1
1
1
1
1
1
1

0025_131_1.8438_1.0818_1_11
1
1
1
1
1
1
1
1
1
1
1

0025_131_1.8438_1.0818_13_27
1
1
1
1
1
1
1
1
1
1
1
1
1
1
1

0025_131_1.8438_1.0818_48_59
1
1
1
1
1
1
1
1
1
1
1
1

0025_131_1.8438_1.0818_128_139
1
1
1
1
1
1
1
1
1
1
1
1

0026_54_1.8338_1.2540_11_27
1
1
1
1
1
1
1
1
1
1
1
1
1
1
0
0

0026_54_1.8338_1.2540_47_57
1
1
1
1
1
1
1
1
1
1
1

0027_171_1.9881_0.9868_0_54
0
0
0
0
0
0
0
0
0
0
0
0
0
0
0
0
0
0
0
0
0
0
0
0
0
0
0
0
0
0
0
0
0
0
1
1
1
1
1
1
1
1
1
1
1
1
1
1
1
1
1
1
1
0

0028_317_2.0653_1.4745_28_48
1
1
1
1
1
1
1
1
1
1
1
1
1
1
1
1
1
1

0028_317_2.0653_1.4745_50_60
1
1
1
1
1
1
1
1
1
1
1

0029_192_2.2888_1.6816_0_13
1
1
1
1
1
1
1
1
1
1
1
1
1
1

0029_192_2.2888_1.6816_31_45
1
1
1
1
1
1
1
1
1
1
1
1
1
1
1

0030_290_1.8994_1.4107_126_142
1
1
1
1
1
1
1
1
1
1
1
1
1

0031_170_1.9789_1.2163_3_62
0
0
0
0
0
0
0
0
1
1
1
1
1
1
1
1
1
1
1
1
1
1
1
1
1
1
1
1
1
1
1
0
0
0
0
0
0
0
0
0
0
0
0
0
0
0
0
0
0
0
0
0
0
0
0
0

0032_182_2.2149_2.0053_1_19
1
1
1
1
1
1
1
1
1
1
1
1
1
1
1
1
1
1
1

0032_182_2.2149_2.0053_26_35
1
1
1
1
1
1
1
1
1
1

0032_182_2.2149_2.0053_39_50
1
1
1
1
1
1
1
1
1
1
1
1

0032_182_2.2149_2.0053_124_134
1
1
1
1
1
1
1
1
1
1
1

0033_174_2.2525_0.3851_18_30
1
1
1
1
1
1
1
1
1
1
1
1
1

0033_174_2.2525_0.3851_46_56
1
1
1
1
1
1
1
1
1
1
1

0033_174_2.2525_0.3851_121_135
1
1
1
1
1
1
1
1
1
1
1
1
1
1
1

0034_92_1.9775_0.6910_6_17
1
1
1
1
1
1
1
1
1
1
1
1

0036_289_2.7114_2.2984_0_37
1
1
1
1
1
1
1
1
1
1
1
1
1
1
1
1
1
1
1
1
1
1
1
1
1
1
1
1
1
1
1
1
0
0
0
0
0

0036_289_2.7114_2.2984_39_48
1
1
1
1
1
1
1
1
1
1

0037_215_2.6851_1.8545_3_14
1
1
1
1
1
1
1
1
1
1
1
1

0037_215_2.6851_1.8545_16_30
1
1
1
1
1
1
1
1
1
1
1
1
1
1
1

0037_215_2.6851_1.8545_44_55
1
1
1
1
1
1
1
1
1
1
1
1

0038_105_2.4725_2.0482_0_20
0
1
1
1
1
1
1
1
1
1
1
1
1
1
1
1
1
1
1
1
1

0039_416_2.6240_2.0650_0_12
1
1
1
1
1
1
1
1
1
1
1
1
1

0039_416_2.6240_2.0650_14_36
1
1
1
1
1
1
1
1
1
1
1
1
1
1
1
1
1
1
1
0
0
0

0039_416_2.6240_2.0650_117_126
1
1
1
1
1
1
1
1
1
1

0041_389_2.8008_2.3580_0_35
1
1
1
1
1
1
1
1
1
1
1
1
1
1
1
1
1
1
1
1
1
1
1
0
0
0
0
0
0
0
0
0
0
0
0

0041_389_2.8008_2.3580_39_49
1
1
1
1
1
1
1
1
1
1
1

0042_148_2.4601_1.5849_4_27
1
1
1
1
1
1
1
1
1
1
1
1
1
1
1
1
1
1
1
0
0
0

0042_148_2.4601_1.5849_29_40
1
1
1
1
1
1
1
1
1
1
1
1

0042_148_2.4601_1.5849_129_139
1
1
1
1
1
1
1
1
1
1
1

0043_378_2.6410_1.7341_0_47
0
0
0
0
0
0
0
0
0
0
0
0
1
1
1
1
1
1
1
1
1
1
1
1
1
1
1
1
1
1
1
0
0
0
0
0
0
0
0
0
0
0
0
0
0
0
0

0043_378_2.6410_1.7341_119_135
1
1
1
1
1
1
1
1
1
1
1

0044_305_2.5434_2.1337_0_33
0
0
0
0
0
0
0
0
0
0
0
0
0
0
1
1
1
1
1
1
1
1
1
1
1
1
1
1
1
1
1
1
1

0044_305_2.5434_2.1337_47_58
1
1
1
1
1
1
1
1
1
1
1
1

0044_305_2.5434_2.1337_127_137
1
1
1
1
1
1
1
1
1
1
1

0045_248_2.5114_2.2491_0_37
0
0
0
1
1
1
1
1
1
1
1
1
1
1
1
1
1
1
1
1
1
1
0
0
0
0
0
0
0
0
0
0
0
0
0
0
0

0045_248_2.5114_2.2491_120_130
1
1
1
1
1
1
1
1
1
1
1

0047_156_2.6099_1.6362_0_55
0
0
0
0
0
0
0
0
0
0
1
1
1
1
1
1
1
1
1
1
1
1
1
1
1
1
1
1
1
0
0
0
0
0
0
0
0
0
0
0
0
0
0
0
0
0
0
0
0
0
0
0
0
0
0

0049_178_2.2059_2.1116_5_15
1
1
1
1
1
1
1
1
1
1
1

0050_95_2.2046_1.7721_67_76
1
1
1
1
1
1
1
1
1
1

0051_170_2.4048_1.8820_17_27
1
1
1
1
1
1
1
1
1
1
1

0052_142_2.2237_1.3932_0_52
0
0
0
0
0
1
1
1
1
1
1
1
1
1
1
1
1
1
1
1
1
1
1
1
1
1
1
1
1
1
1
1
1
1
1
1
1
1
1
1
1
0
0
0
0
0
0
0
0
0
0
0

0052_142_2.2237_1.3932_54_68
1
1
1
1
1
1
1
1
1
1
1
1
0
0

0052_142_2.2237_1.3932_116_141
1
1
1
1
1
1
1
1
1
1
1
1
1
1
1
1
1
1
1
1
1
1

0053_244_2.2438_1.6674_0_9
1
1
1
1
1
1
1
1
1
1

0053_244_2.2438_1.6674_11_50
1
1
1
1
1
1
1
1
1
1
1
1
1
1
1
1
1
1
1
0
0
0
0
0
0
0
0
0
0
0
0
0
0
0
0
0
0
0

0053_244_2.2438_1.6674_127_138
1
1
1
1
1
1
1
1
1
1
1
1

0054_63_2.0980_0.8793_0_58
0
0
0
0
0
0
0
0
0
0
0
0
0
0
0
0
0
0
0
0
0
0
0
0
0
0
0
0
1
1
1
1
1
1
1
1
1
1
1
1
1
1
1
1
1
1
1
0
0
0
0
0
0
0
0
0
0
0

0054_63_2.0980_0.8793_121_135
1
1
1
1
1
1
1
1
1
1
1
1
1
1
1

0055_171_2.2537_1.4844_0_55
0
0
0
0
0
1
1
1
1
1
1
1
1
1
1
1
1
1
1
1
1
1
1
1
0
0
0
0
0
0
0
0
0
0
0
0
0
0
0
0
0
0
0
0
0
0
0
0
0
0
0
0
0
0
0

0055_171_2.2537_1.4844_117_131
1
1
1
1
1
1
1
1
1
1
1
1
0
0

0055_171_2.2537_1.4844_133_142
1
1
1
1
1
1
1
1
1
1

0056_116_2.3529_2.0011_27_44
1
1
1
1
1
1
1
1
1
1
1
1

0056_116_2.3529_2.0011_74_84
1
1
1
1
1
1
1
1
1
1
1

0059_117_2.2659_1.6377_8_42
0
0
0
0
1
1
1
1
1
1
1
1
1
1
1
1
1
1
1
1
1
1
1
0
0
0

0060_100_2.2257_1.5961_4_13
1
1
1
1
1
1
1
1
1
1

0061_355_2.3398_1.7259_0_40
0
0
0
0
0
0
0
0
0
0
0
0
0
0
1
1
1
1
1
1
1
1
1
1
1
1
1
1
1
1
1
1
1
1
1
1
1
1
1
1
1

0062_54_2.0303_1.4339_3_15
1
1
1
1
1
1
1
1
1
1
1
1
1

0062_54_2.0303_1.4339_35_44
1
1
1
1
1
1
1
1
1
1

0062_54_2.0303_1.4339_57_67
1
1
1
1
1
1
1
1
1
1
1

0063_140_2.2543_1.6986_0_35
0
0
0
0
0
0
0
1
1
1
1
1
1
1
1
1
1
1
1
1
1
1
1
1
1
1
1
1
1
1
1
1
0
0
0

0068_838_2.0551_1.5802_0_71
0
0
0
0
0
0
0
0
0
0
0
0
0
0
0
0
0
1
1
1
1
1
1
1
1
1
1
1
1
1
1
1
1
1
1
1
0
0
0
0
0
0
0
0
0
0
0
0
0
0
0
0
0
0
0
0
0
0
0
0
0
0
0
0
0
0
0
0
0
0
0

0068_838_2.0551_1.5802_107_118
1
1
1
1
1
1
1
1
1
1
1
1

0068_838_2.0551_1.5802_120_135
1
1
1
1
1
1
1
1
1
1
1
1
1
1
1
1

0069_555_1.9387_1.1431_0_61
0
0
0
0
0
0
0
0
0
0
0
0
0
0
0
0
0
0
0
0
0
0
0
0
0
0
0
0
0
0
0
0
0
0
0
0
0
1
1
1
1
1
1
1
1
1
1
1
1
1
1
1
1
1
1
1
0
0
0
0
0

0070_1091_1.9966_0.6124_0_47
0
0
0
0
0
0
0
0
0
0
0
0
0
0
0
0
0
0
0
0
0
0
0
0
0
0
0
0
0
1
1
1
1
1
1
1
1
1
1
1
1
1
1
1
1
1
1
1

0070_1091_1.9966_0.6124_49_72
1
1
1
1
1
1
1
1
1
1
1
1
1
1
1
1
1
1
1
0
0
0
0

0071_245_1.7588_1.0520_0_70
0
0
0
0
0
0
0
0
0
0
0
0
0
0
0
0
0
0
0
0
0
1
1
1
1
1
1
1
1
1
1
1
1
1
1
1
1
1
1
1
0
0
0
0
0
0
0
0
0
0
0
0
0
0
0
0
0
0
0
0
0
0
0
0
0
0
0
0
0
0

0071_245_1.7588_1.0520_127_142
1
1
1
1
1
1
1
1
1
1
1
1
1
1
1
1

0072_2631_2.0926_0.6371_0_77
0
0
0
0
0
0
0
0
0
0
0
0
0
0
0
0
0
0
0
0
0
0
0
0
0
0
0
0
0
0
0
0
0
0
0
0
0
0
0
0
0
0
1
1
1
1
1
1
1
1
1
1
1
1
1
1
1
1
1
1
1
0
0
0
0
0
0
0
0
0
0
0
0
0
0
0
0

0072_2631_2.0926_0.6371_87_102
1
1
1
1
1
1
1
1
1
1
1
1
1
1
1
1

0073_2982_1.9723_0.7721_0_96
0
0
0
0
0
0
0
0
0
0
0
0
0
0
0
0
0
0
0
0
0
0
0
0
0
0
0
0
0
0
0
0
0
0
0
0
0
0
0
0
0
0
0
0
0
0
0
0
0
0
0
0
0
0
0
0
0
0
0
0
0
0
0
0
0
0
0
1
1
1
1
1
1
1
1
1
1
1
1
1
1
1
1
1
1
1
0
0
0
0
0
0
0
0
0
0

0074_3329_2.1550_0.7246_0_68
0
0
0
0
0
0
0
0
0
0
0
0
0
0
0
0
0
0
0
0
0
0
0
0
0
0
0
0
0
0
0
0
0
0
0
0
0
0
0
0
0
0
0
0
0
0
1
1
1
1
1
1
1
1
1
1
1
1
1
1
1
1
1
1
1
0
0
0

0076_810_1.8047_0.6032_0_34
0
1
1
1
1
1
1
1
1
1
1
1
1
1
1
1
1
1
1
1
0
0
0
0
0
0
0
0
0
0
0
0
0
0

0077_4721_1.9808_0.6635_0_39
0
0
0
0
0
0
0
0
0
0
0
0
0
0
1
1
1
1
1
1
1
1
1
1
1
1
1
1
1
1
1
1
1
1
1
1
1
1
1
1

0077_4721_1.9808_0.6635_46_61
1
1
1
1
1
1
1
1
1
1
1

0077_4721_1.9808_0.6635_65_76
1
1
1
1
1
1
1
1
1
1
1
1

0078_4012_2.1701_1.9201_7_23
1
1
1
1
1
1
1
1
1
1
1
1
1
1
1
1
1

0080_304_2.1303_1.9427_0_38
1
1
1
1
1
1
1
1
1
1
1
1
1
1
1
1
1
1
0
0
0
0
0
0
0
0
0
0
0
0
0
0
0
0
0
0
0
0

0080_304_2.1303_1.9427_105_130
1
1
1
1
1
1
1
1
1
1
1
1
1
1
1
1
1
1
1
1
1
1
1

0081_304_2.0163_1.7768_0_55
0
0
0
0
1
1
1
1
1
1
1
1
1
1
1
1
1
1
1
1
1
1
1
0
0
0
0
0
0
0
0
0
0
0
0
0
0
0
0
0
0
0
0
0
0
0
0
0
0
0
0
0
0
0
0

0081_304_2.0163_1.7768_109_124
1
1
1
1
1
1
1
1
1
1
1
1

0082_320_1.9304_0.8319_0_39
0
0
0
0
0
0
0
0
0
0
0
0
0
1
1
1
1
1
1
1
1
1
1
1
1
1
1
1
1
1
1
1
0
0
0
0
0
0
0

0082_320_1.9304_0.8319_41_79
1
1
1
1
1
1
1
1
1
1
1
1
1
1
1
1
1
1
1
0
0
0
0
0

0084_570_2.1129_1.8773_0_50
1
1
1
1
1
1
1
1
1
1
1
1
0
0
0
0
0
0
0
0
0
1
1
1
1
1
1
1
1
1
1
1
1
1
1
1
1
1
1
1
0
0
0
0
0
0
0
0
0
0

0084_570_2.1129_1.8773_52_81
1
1
1
1
1
1
1
1
1
1
1
1
1
1
1
1
1
1
1
0
0
0
0
0

0085_245_1.8920_0.3752_0_83
0
0
0
0
0
0
0
0
0
0
0
0
0
0
0
0
0
0
0
0
0
0
1
1
1
1
1
1
1
1
1
1
1
1
1
1
1
1
1
1
1
0
0
0
0
0
0
0
0
0
0
0
0
0
0
0
0
0
0
0
0
0
0
0
0
0
0
0
0
0
0
0
0
0
0
0
0
0
0
0
0
0
0

0086_157_1.8399_0.7260_0_32
0
0
0
0
0
0
0
0
0
0
0
1
1
1
1
1
1
1
1
1
1
1
1
1
1
1
1
1
1
1
0
0

0086_157_1.8399_0.7260_41_53
1
1
1
1
1
1
1
1
1
1
1
1
1

0086_157_1.8399_0.7260_57_83
1
1
1
1
1
1
1
1
1
1
1

0086_157_1.8399_0.7260_104_123
1
1
1
1
1
1
1
1
1
1
1
1
1
1
1
1
1
1
1
1

0087_288_2.2384_1.4803_0_82
0
0
0
0
0
0
0
0
0
0
0
0
0
0
0
0
0
0
0
0
0
0
1
1
1
1
1
1
1
1
1
1
1
1
1
1
1
1
1
1
1
0
0
0
0
0
0
0
0
0
0
0
0
0
0
0
0
0
0
0
0
0
0
0
0
0
0
0
0
0
0
0
0
0
0
0
0
0
0
0
0
0

0088_681_2.0174_0.8940_0_37
0
0
0
0
0
0
0
0
0
0
0
0
0
0
0
0
0
1
1
1
1
1
1
1
1
1
1
1
1
1
1
1
1
1
1
1
0

0088_681_2.0174_0.8940_95_104
1
1
1
1
1
1
1
1
1
1

0089_1236_2.0620_1.8438_0_74
0
0
0
0
0
0
0
0
0
0
0
0
0
0
0
0
0
0
0
0
0
0
0
0
0
0
0
0
0
0
0
1
1
1
1
1
1
1
1
1
1
1
1
1
1
1
1
1
1
1
0
0
1
1
1
1
1
1
1
1
1
1
1
1
1
1
1
1
1
1
1
0
0
0

0089_1236_2.0620_1.8438_76_85
1
1
1
1
1
1
1
1
1
1

0090_384_1.9567_1.2565_0_33
0
0
0
0
0
0
0
0
0
0
0
0
0
0
0
1
1
1
1
1
1
1
1
1
1
1
1
1
1
1
1
1
1
1

0090_384_1.9567_1.2565_89_107
1
1
1
1
1
1
1
1
1
1
1
1
1
1
1
1
1
1

0090_384_1.9567_1.2565_109_124
1
1
1
1
1
1
1
1
1
1
1

0091_348_1.9100_0.7340_0_80
0
0
0
0
0
0
0
0
0
0
0
0
0
0
0
0
0
0
0
0
0
0
0
0
0
0
0
0
0
0
0
0
0
0
0
0
0
0
0
0
0
0
0
0
0
0
0
0
0
0
0
0
1
1
1
1
1
1
1
1
1
1
1
1
1
1
1
1
1
1
1
1
0
0
0
0
0
0
0
0

0091_348_1.9100_0.7340_105_119
1
1
1
1
1
1
1
1
1
1
1
1
1
1

0092_139_1.7116_1.4928_0_18
1
1
1
1
1
1
1
1
1
1
1
1
1
1
1
1
1
1

0092_139_1.7116_1.4928_98_121
1
1
1
1
1
1
1
1
1
1
1
1
1
1
1
1
1
1
1
1
1
1
1

0093_492_1.7591_0.1766_0_44
1
1
1
1
1
1
1
1
1
1
1
1
1
1
1
1
1
1
1
1
1
1
1
1
1
0
0
0
0
0
0
0
0
0
0
0
0
0
0
0
0
0
0
0

0094_243_1.6538_1.1392_0_16
1
1
1
1
1
1
1
1
1
1
1
1
1
1
1
1
1

0094_243_1.6538_1.1392_18_46
1
1
1
1
1
1
1
1
1
1
1
1
1
1
1
1
1
1
1
1
1
1
1
1
1
1
1
1

0094_243_1.6538_1.1392_92_102
1
1
1
1
1
1
1
1
1
1
1

0094_243_1.6538_1.1392_107_127
1
1
1
1
1
1
1
1
1
1
1
1
1
1
1
1
1
1
1
1

0094_243_1.6538_1.1392_129_141
1
1
1
1
1
1
1
1
1
1
1
1
1

0095_172_1.9226_1.8872_2_23
1
1
1
1
1
1
1
1
1
1
1
1
1
1
1
1
1
1
1
1
1
1

0095_172_1.9226_1.8872_98_115
1
1
1
1
1
1
1
1
1
1
1
1
1
1
1
1
1
1

0096_138_2.2304_1.6758_1_22
1
1
1
1
1
1
1
1
1
1
1
1
1
1
1
1
1
1
1
1
1
1

0096_138_2.2304_1.6758_103_141
1
1
1
1
1
1
1
1
1
1
1
1
1
1
1
1
1
1
1
1
1
1
1
1

0097_180_2.1258_1.3405_0_33
1
1
1
1
1
1
1
1
1
1
1
1
0
0
1
1
1
1
1
1
1
1
1
1
1
1
1
1
1
1
1
1
1

0097_180_2.1258_1.3405_90_101
1
1
1
1
1
1
1
1
1
1
1
1

0098_164_2.4417_2.2404_4_16
1
1
1
1
1
1
1
1
1
1
1
0

0098_164_2.4417_2.2404_26_37
1
1
1
1
1
1
1
1
1
1
1
1

0098_164_2.4417_2.2404_111_121
1
1
1
1
1
1
1
1
1
1
1

0098_164_2.4417_2.2404_126_137
1
1
1
1
1
1
1
1
1
1
1
1

0099_212_2.1714_1.9116_0_9
1
1
1
1
1
1
1
1
1
1

0100_137_2.3491_2.0787_6_38
1
1
1
1
1
1
1
1
1
1
1
1
1
1
1
1
1
1
1
1
1
1
1
0
0
0
0
0
0
0

0101_146_2.2487_1.3896_0_36
1
1
1
1
1
1
1
1
1
1
1
1
1
1
1
1
1
1
1
0
0
0
0
0
0
0
0
0
0
0
0
0
0
0
0
0

0101_146_2.2487_1.3896_38_62
1
1
1
1
1
1
1
1
1
1
1
1
1
1
1
1
1
1
1
1
1
1
1
1

0101_146_2.2487_1.3896_110_120
1
1
1
1
1
1
1
1
1
1
1

0101_146_2.2487_1.3896_122_134
1
1
1
1
1
1
1
1
1
1
1
1
1

0102_140_2.1407_0.3763_0_48
0
0
0
0
0
0
1
1
1
1
1
1
1
1
1
1
1
1
1
1
1
1
1
1
1
0
0
0
0
0
0
0
0
0
0
0
0
0
0
0
0
0
0
0
0
0
0
0

0102_140_2.1407_0.3763_55_66
1
1
1
1
1
1
1
1
1
1
1
1

0102_140_2.1407_0.3763_103_139
1
1
1
1
1
1
1
1
1
1
1
1
1
1
1
1
1
1
1
0
0
0
0
0
0
0
0
0
0
0
0
0
0

0103_55_2.1139_1.1841_0_24
0
1
1
1
1
1
1
1
1
1
1
1
1
1
1
1
1
1
1
1
1
1
1
1
1

0103_55_2.1139_1.1841_27_47
1
1
1
1
1
1
1
1
1
1
1
1
1
1
1
1
1
1
1
1
1

0103_55_2.1139_1.1841_105_119
1
1
1
1
1
1
1
1
1
1
1
1
1

0103_55_2.1139_1.1841_128_139
1
1
1
1
1
1
1
1
1
1
1
1

0104_800_2.4529_2.3843_0_42
0
0
0
0
0
0
0
0
0
0
0
0
0
0
0
0
0
0
0
0
0
1
1
1
1
1
1
1
1
1
1
1
1
1
1
1
1
1
1
1
0
0

0105_187_2.2854_1.1714_0_55
0
0
0
0
0
0
0
0
0
0
0
0
0
0
0
0
0
0
0
0
0
0
0
0
0
0
0
0
0
0
0
0
0
1
1
1
1
1
1
1
1
1
1
1
1
1
1
1
1
1
1
1
0
0
0

0106_251_2.2691_1.0798_0_48
0
0
0
0
0
0
0
0
0
0
0
0
0
0
0
0
0
0
0
0
0
0
1
1
1
1
1
1
1
1
1
1
1
1
1
1
1
1
1
1
1
0
0
0
0
0
0
0

0107_372_2.3250_2.1238_0_44
0
0
0
0
0
0
0
0
0
0
0
0
0
1
1
1
1
1
1
1
1
1
1
1
1
1
1
1
1
1
1
1
0
0
0
0
0
0
0
0
0
0
0
0

0108_402_2.4278_2.5296_0_35
0
0
0
0
1
1
1
1
1
1
1
1
1
1
1
1
1
1
1
1
1
1
1
1
1
1
1
1
1
1
1
1
1
1
0

0108_402_2.4278_2.5296_106_120
1
1
1
1
1
1
1
1
1
1
1
1
1

0109_308_2.5275_2.0951_0_31
1
1
1
1
1
1
1
1
1
1
1
1
1
1
1
1
1
1
1
1
0
0
0
0
0
0
0
0
0
0
0

0109_308_2.5275_2.0951_110_124
1
1
1
1
1
1
1
1
1
1
1
1
1
1

0110_197_2.2035_1.1767_0_39
1
1
1
1
1
1
1
1
1
1
1
1
1
1
1
1
1
1
1
1
1
1
1
1
1
1
1
1
1
1
1
1
0
0
0
0
0
0
0

0111_141_2.3235_1.9201_0_38
0
0
1
1
1
1
1
1
1
1
1
1
1
1
1
1
1
1
1
1
1
0
0
0
0
0
0
0
0
0
0
0
0
0
0
0
0
0

0111_141_2.3235_1.9201_105_142
1
1
1
1
1
1
1
1
1
1
1
1
1
1
1
1
1
1
1
0
0
0
0
0
0

0112_160_2.3290_1.5508_1_11
1
1
1
1
1
1
1
1
1
1
1

0112_160_2.3290_1.5508_100_111
1
1
1
1
1
1
1
1
1
1
1
1

0114_289_2.1198_1.5301_0_39
1
1
1
1
1
1
1
1
1
1
1
1
1
1
1
1
1
1
1
1
1
1
1
1
1
1
1
1
1
0
0
0
0
0
0
0
0
0
0

0115_142_2.1663_1.6476_11_23
1
1
1
1
1
1
1
1
1
1
1
1
1

0115_142_2.1663_1.6476_25_38
1
1
1
1
1
1
1
1
1
1
1
1
1
1

0115_142_2.1663_1.6476_104_118
1
1
1
1
1
1
1
1
1
1
1
1
1
1

0115_142_2.1663_1.6476_123_136
1
1
1
1
1
1
1
1
1
1
1
1
1
1

0117_285_2.0219_1.3978_0_72
1
1
1
1
1
1
1
1
1
1
1
0
0
0
0
0
0
0
0
0
0
0
0
0
0
0
0
0
0
0
0
0
0
0
0
0
0
0
0
0
0
0
0
0
0
0
0
0
0
0
0
0
0
1
1
1
1
1
1
1
1
1
1
1
1
1
1
1
1
1
1
1

0117_285_2.0219_1.3978_78_92
1
1
1
1
1
1
1
1
1
1
1
1
1
1
1

0120_298_2.3479_2.3685_0_21
1
1
1
1
1
1
1
1
1
1
1
1
0
0
0
0
0
0
0
0
0

0120_298_2.3479_2.3685_23_45
1
1
1
1
1
1
1
1
1
1
1
1
1
1
1
1
1
1
1
1
1
1
1

0120_298_2.3479_2.3685_52_61
1
1
1
1
1
1
1
1
1
1

0120_298_2.3479_2.3685_103_112
1
1
1
1
1
1
1
1
1
1

0120_298_2.3479_2.3685_114_127
1
1
1
1
1
1
1
1
1
1
1

0121_394_2.2286_0.6613_0_51
0
0
0
0
0
0
0
0
0
0
0
0
0
0
0
1
1
1
1
1
1
1
1
1
1
1
1
1
1
1
1
1
1
1
0
0
0
0
0
0
0
0
0
0
0
0
0
0
0
0
0

0122_206_2.0592_1.6541_0_51
0
0
0
0
0
0
0
0
0
0
0
0
0
0
0
0
0
0
0
0
0
0
0
1
1
1
1
1
1
1
1
1
1
1
1
1
1
1
1
1
1
1
0
0
0
0
0
0
0
0
0

0123_270_2.1111_1.2070_0_45
1
1
1
1
1
1
1
1
1
1
1
1
0
0
0
0
0
0
0
0
0
0
0
0
0
1
1
1
1
1
1
1
1
1
1
1
1
1
1
1
1
1
1
1
0

0124_113_2.0709_1.6522_4_20
1
1
1
1
1
1
1
1
1
1
1
1
1
1
0
0

0124_113_2.0709_1.6522_103_119
1
1
1
1
1
1
1
1
1
1
1
1
1
1
1
1
1

0124_113_2.0709_1.6522_121_132
1
1
1
1
1
1
1
1
1
1
1
1

0125_159_1.9053_0.8258_0_67
0
0
0
0
0
0
0
0
0
0
0
0
0
0
0
0
0
0
0
0
0
0
0
0
0
0
0
1
1
1
1
1
1
1
1
1
1
1
1
1
1
1
1
1
1
1
0
0
0
0
0
0
0
0
0
0
0
0
0
0
0
0
0
0
0
0
0

0126_278_2.0552_0.8052_0_56
0
0
0
0
0
0
1
1
1
1
1
1
1
1
1
1
1
1
1
1
1
1
1
1
1
0
0
0
0
0
0
0
0
0
0
0
0
0
0
0
0
0
0
0
0
0
0
0
0
0
0
0
0
0
0
0

0127_75_2.0800_1.0723_6_16
1
1
1
1
1
1
1
1
1
1
1

0127_75_2.0800_1.0723_112_123
1
1
1
1
1
1
1
1
1
1
1
1

0127_75_2.0800_1.0723_129_139
1
1
1
1
1
1
1
1
1
1
1

0128_310_2.6760_0.5411_106_127
1
1
1
1
1
1
1
1
1
1
1
1
1
1
1
1
1
1
1
1
1
1

0129_159_2.8153_2.0723_0_14
0
0
0
1
1
1
1
1
1
1
1
1
1
1
1

0129_159_2.8153_2.0723_16_26
1
1
1
1
1
1
1
1
1
1
1

0130_546_2.6986_1.9637_49_70
1
1
1
1
1
1
1
1
1
1
1
1
1
1
1
1
1
1
1
1
1

0131_600_2.7072_0.6771_0_70
1
1
1
1
1
1
1
1
1
1
1
1
1
1
1
1
1
1
1
1
1
0
0
0
0
0
0
0
0
0
0
0
0
0
0
0
0
0
0
0
0
0
0
0
0
0
0
0
0
0
0
0
0
0
0
0
0
0
0
0
0
0
0
0
0
0
0
0
0
0

0133_1605_2.8270_2.6597_0_12
1
1
1
1
1
1
1
1
1
1
1
1
1

0133_1605_2.8270_2.6597_14_29
1
1
1
1
1
1
1
1
1
1
1
1
1
0
0

0134_940_2.8354_2.2465_115_127
1
1
1
1
1
1
1
1
1
1
1
1
1

0135_656_2.8499_2.1816_0_50
0
0
1
1
1
1
1
1
1
1
1
1
1
1
1
1
1
1
1
1
1
0
0
0
1
1
1
1
1
1
1
1
1
1
1
1
1
1
1
1
1
1
1
1
0
0
0
0
0
0

0135_656_2.8499_2.1816_117_127
1
1
1
1
1
1
1
1
1
1
1

0136_1061_2.8291_2.0076_0_50
0
0
0
0
0
1
1
1
1
1
1
1
1
1
1
1
1
1
1
1
1
1
1
1
0
0
0
0
0
0
0
0
0
0
0
0
0
0
0
0
0
0
0
0
0
0
0
0
0
0

0136_1061_2.8291_2.0076_104_113
1
1
1
1
1
1
1
1
1
1

0137_980_2.9003_2.7022_11_21
1
1
1
1
1
1
1
1
1
1
1

0138_1181_2.7610_2.2982_0_42
0
0
0
0
0
0
0
0
1
1
1
1
1
1
1
1
1
1
1
1
1
1
1
1
1
1
1
1
1
1
1
1
1
1
1
1
1
1
1
1
0
0

0139_806_2.8101_2.2884_0_24
0
0
0
0
0
1
1
1
1
1
1
1
1
1
1
1
1
1
1
1
1
1
1
1

0140_588_2.6732_2.0569_0_51
0
0
0
0
0
0
0
0
0
0
0
0
0
0
0
0
0
0
0
0
0
0
0
0
0
0
1
1
1
1
1
1
1
1
1
1
1
1
1
1
1
1
1
1
1
0
0
0
0
0
0

0141_259_2.7064_0.5762_0_70
0
0
0
0
0
0
0
0
0
0
0
0
0
0
0
0
0
0
0
0
0
0
0
0
0
0
0
0
0
0
0
0
0
0
0
1
1
1
1
1
1
1
1
1
1
1
1
1
1
1
1
1
1
1
0
0
0
0
0
0
0
0
0
0
0
0
0
0
0
0

0143_218_2.6576_2.3164_0_10
1
1
1
1
1
1
1
1
1
1
1

0143_218_2.6576_2.3164_12_34
1
1
1
1
1
1
1
1
1
1
1
1
1
1
1
1
1
1
1
1
1
1

0146_31_2.4496_1.9785_14_24
1
1
1
1
1
1
1
1
1
1
1

0150_232_2.6617_1.6191_0_34
1
1
1
1
1
1
1
1
1
1
1
1
1
1
1
1
1
1
1
1
1
1
1
1
1
1
1
1
1
1
1
1
1
1
1

0151_483_2.7875_1.9932_0_37
0
1
1
1
1
1
1
1
1
1
1
1
1
1
1
1
1
1
1
1
1
1
1
1
1
1
0
0
0
0
0
0
0
0
0
0
0

0151_483_2.7875_1.9932_108_126
1
1
1
1
1
1
1
1
1
1
1
1
1
1
1
1
1

0152_174_2.8205_1.5988_7_33
1
1
1
1
1
1
1
1
1
1
1
1
1
1
1
1
1
1
1
1
1
1
1
0
0
0

0152_174_2.8205_1.5988_35_50
1
1
1
1
1
1
1
1
1
1
1

0153_184_2.6056_2.2271_12_28
1
1
1
1
1
1
1
1
1
1
1
1
1
1
1
1
1

0154_163_2.6815_2.2455_2_14
1
1
1
1
1
1
1
1
1
1
1
1
1

0154_163_2.6815_2.2455_17_28
1
1
1
1
1
1
1
1
1
1
1
1

0155_445_2.6886_1.8893_0_43
1
1
1
1
1
1
1
1
1
1
1
1
1
1
1
1
1
1
1
1
1
0
0
0
0
0
0
0
0
0
0
0
0
0
0
0
0
0
0
0
0
0
0

0155_445_2.6886_1.8893_45_67
1
1
1
1
1
1
1
1
1
1
1
1
1
1
1
1
1
1
1
1
1
1

0157_586_2.7818_2.3462_0_9
1
1
1
1
1
1
1
1
1
1

0157_586_2.7818_2.3462_108_127
1
1
1
1
1
1
1
1
1
1
1
1
1
1
1
1
1
1
1

0159_765_2.8572_2.3954_0_32
0
0
0
0
0
0
0
0
1
1
1
1
1
1
1
1
1
1
1
1
1
1
1
1
1
1
1
1
1
1
0
0

0159_765_2.8572_2.3954_106_123
1
1
1
1
1
1
1
1
1
1
1

0163_61_2.3559_1.6940_0_26
1
1
1
1
1
1
1
1
1
1
1
1
1
1
1
1
1
1
1
1
1
1
1
1
1
0

0163_61_2.3559_1.6940_108_128
1
1
1
1
1
1
1
1
1
1
1
1
1
1
1
1
1
1
1
1
1

0166_340_2.6777_2.5161_8_26
1
1
1
1
1
1
1
1
1
1
1
1
1
1
1
1
1
1
1

0166_340_2.6777_2.5161_124_133
1
1
1
1
1
1
1
1
1
1

0167_276_2.6458_1.8129_0_15
1
1
1
1
1
1
1
1
1
1
1
1
0
0
0

0167_276_2.6458_1.8129_23_38
1
1
1
1
1
1
1
1
1
1
1
1
0
0
0

0167_276_2.6458_1.8129_40_51
1
1
1
1
1
1
1
1
1
1
1
1

0167_276_2.6458_1.8129_105_133
1
1
1
1
1
1
1
1
1
1
1
1
1
1
1
1
1
1
1
1
1
1
1
1
1
1
1

0168_95_2.4510_1.8350_0_33
0
0
0
0
0
0
0
0
0
0
0
0
0
1
1
1
1
1
1
1
1
1
1
1
1
1
1
1
1
1
1
1
0

0168_95_2.4510_1.8350_109_120
1
1
1
1
1
1
1
1
1
1
1
1

0169_302_2.6388_2.1235_104_114
1
1
1
1
1
1
1
1
1
1
1

0169_302_2.6388_2.1235_116_129
1
1
1
1
1
1
1
1
1
1
1
1
1
1

0171_194_2.6970_2.0766_127_137
1
1
1
1
1
1
1
1
1
1
1

0173_71_2.5811_2.0863_16_41
1
1
1
1
1
1
1
1
1
1
1
1
1
1
1
1
1
1
1
1
1
1
1
1
1

0173_71_2.5811_2.0863_103_113
1
1
1
1
1
1
1
1
1
1
1

0174_150_2.6420_1.8220_11_21
1
1
1
1
1
1
1
1
1
1
1

0174_150_2.6420_1.8220_122_136
1
1
1
1
1
1
1
1
1
1
1
1
1
1
1

0175_94_2.4645_1.1645_8_34
1
1
1
1
1
1
1
1
1
1
1
1
1
1
1
1
1
1
1
1
1
1
1
1
1
1
1

0175_94_2.4645_1.1645_38_59
1
1
1
1
1
1
1
1
1
1
1
1
1
1
1
1
1
1
1
1
1
1

0175_94_2.4645_1.1645_100_124
1
1
1
1
1
1
1
1
1
1
1
1
1
1
1
1
1
1
1
1
1
1
1
1
1

0176_252_2.6593_1.6792_0_67
1
1
1
1
1
1
1
1
1
1
1
1
1
1
1
1
1
1
1
0
0
0
0
0
0
0
0
0
0
0
0
0
0
0
0
0
0
0
0
0
0
0
0
0
0
0
1
1
1
1
1
1
1
1
1
1
1
1
1
1
1
1
1
1
1
1
1
1

0178_293_2.6643_1.8955_0_34
0
0
0
0
0
0
0
0
1
1
1
1
1
1
1
1
1
1
1
1
1
1
1
1
1
1
1
0
0
0
0
0
0
0

0178_293_2.6643_1.8955_116_128
1
1
1
1
1
1
1
1
1
1
1
1
1

0179_263_2.6879_1.9739_0_34
1
1
1
1
1
1
1
1
1
1
1
1
1
1
1
1
1
1
1
0
0
0
0
0
0
0
0
0
0
0
0
0
0
0

0179_263_2.6879_1.9739_120_129
1
1
1
1
1
1
1
1
1
1

0189_528_2.7341_2.2265_0_26
0
0
0
0
1
1
1
1
1
1
1
1
1
1
1
1
1
1
1
1
1
1
1
0
0
0

0189_528_2.7341_2.2265_30_42
1
1
1
1
1
1
1
1
1
1
1
1
1

0189_528_2.7341_2.2265_111_134
1
1
1
1
1
1
1
1
1
1
1
1
1
1
1
1
1
1
1

0192_104_2.1275_1.9398_0_29
0
1
1
1
1
1
1
1
1
1
1
1
1
1
1
1
1
1
1
1
1
1
1
1
1
1
1
0
0

0193_116_2.1831_1.7529_119_137
1
1
1
1
1
1
1
1
1
1
1
1
0
0
0
0
0
0

0194_173_1.8329_0.6314_0_57
1
1
1
1
1
1
1
1
1
1
1
1
1
1
1
1
1
1
1
0
0
0
0
0
0
0
0
0
0
0
0
1
1
1
1
1
1
1
1
1
1
1
1
1
1
1
1
1
1
1
1
0
0
0
0
0
0

0196_286_2.3147_1.5384_0_46
0
0
0
1
1
1
1
1
1
1
1
1
1
1
1
1
1
1
1
1
1
1
1
0
0
0
0
0
0
0
0
0
0
0
0
0
0
0
0
0
0
0
0
0
0
0

0196_286_2.3147_1.5384_101_123
1
1
1
1
1
1
1
1
1
1
1
1
1
1
1
1
1
1
1
1
1

0196_286_2.3147_1.5384_125_138
1
1
1
1
1
1
1
1
1
1
1
1
1

0197_610_2.5614_2.0321_0_20
1
1
1
1
1
1
1
1
1
1
1
1
1
1
1
1
1
1
1
0

0198_400_2.5112_2.1739_0_11
1
1
1
1
1
1
1
1
1
1
1
1

0198_400_2.5112_2.1739_104_124
1
1
1
1
1
1
1
1
1
1
1
1
1
1
1
1
1
1
1
1
1

0199_411_2.2673_1.4410_0_38
0
0
0
0
0
0
0
0
0
0
1
1
1
1
1
1
1
1
1
1
1
1
1
1
1
1
1
1
1
0
0
0
0
0
0
0
0
0

0202_161_2.4179_1.7068_0_28
0
0
0
0
0
0
0
0
0
1
1
1
1
1
1
1
1
1
1
1
1
1
1
1
1
1
1
1

0202_161_2.4179_1.7068_96_107
1
1
1
1
1
1
1
1
1
1
1
1

0203_235_2.2969_1.9193_4_14
1
1
1
1
1
1
1
1
1
1
1

0203_235_2.2969_1.9193_19_31
1
1
1
1
1
1
1
1
1
1
1
1

0206_108_2.1845_1.4711_0_14
1
1
1
1
1
1
1
1
1
1
1
1
1
1
1

0206_108_2.1845_1.4711_21_32
1
1
1
1
1
1
1
1
1
1
1
1

0206_108_2.1845_1.4711_105_136
1
1
1
1
1
1
1
1
1
1
1
1
1
1
1
1
1
1
1

0208_365_2.7584_2.3236_118_128
1
1
1
1
1
1
1
1
1
1
1

0209_632_2.7305_2.3265_0_41
0
0
0
0
0
0
0
0
0
0
0
0
0
0
1
1
1
1
1
1
1
1
1
1
1
1
1
1
1
1
1
1
1
0
0
0
0
0
0
0
0

0210_469_2.8147_2.5367_0_14
0
0
0
1
1
1
1
1
1
1
1
1
1
1
1

0212_224_2.2422_1.5661_0_47
0
0
0
0
0
0
0
0
0
0
0
0
0
0
0
0
0
0
0
0
0
0
0
0
0
0
0
0
1
1
1
1
1
1
1
1
1
1
1
1
1
1
1
1
1
1
1

0213_197_2.4837_2.0479_7_38
0
0
0
0
0
0
0
0
1
1
1
1
1
1
1
1
1
1
1
1
1
1
1
1
1

0214_375_2.5540_2.2106_101_111
1
1
1
1
1
1
1
1
1
1
1

0214_375_2.5540_2.2106_116_126
1
1
1
1
1
1
1
1
1
1
1

0215_163_2.5138_1.9407_20_31
1
1
1
1
1
1
1
1
1
1
1
1

0215_163_2.5138_1.9407_112_123
1
1
1
1
1
1
1
1
1
1
1
1

0215_163_2.5138_1.9407_129_138
1
1
1
1
1
1
1
1
1
1

0217_230_2.6282_2.1387_7_16
1
1
1
1
1
1
1
1
1
1

0218_475_2.7120_1.5754_0_54
0
0
0
0
0
0
0
0
0
0
0
0
0
0
0
0
0
0
0
0
0
0
0
0
0
0
0
0
0
0
0
1
1
1
1
1
1
1
1
1
1
1
1
1
1
1
1
1
1
1
0
0
0
0

0219_234_2.8049_2.2711_2_28
1
1
1
1
1
1
1
1
1
1
1
1
1
1
1
1
1
1
1
0
0
0
0
0
0
0

0221_250_2.6531_2.1109_0_19
1
1
1
1
1
1
1
1
1
1
1
1
1
1
1
1
1
1
1
1

0221_250_2.6531_2.1109_98_117
1
1
1
1
1
1
1
1
1
1
1
1
1
1
1
1
1
1
1
1

0221_250_2.6531_2.1109_123_132
1
1
1
1
1
1
1
1
1
1

0222_210_2.5447_2.3967_0_9
1
1
1
1
1
1
1
1
1
1

0223_221_2.6299_2.1458_0_21
0
0
0
1
1
1
1
1
1
1
1
1
1
1
1
1
1
1
1
1
1
1

0223_221_2.6299_2.1458_23_34
1
1
1
1
1
1
1
1
1
1
1
1

0223_221_2.6299_2.1458_36_57
1
1
1
1
1
1
1
1
1
1
1
1
1
1
1
1
1
1
1
1

0223_221_2.6299_2.1458_120_142
1
1
1
1
1
1
1
1
1
1
1
1
1
1
1
1
1
1
1
1
1
1
1

0224_143_2.6694_2.1216_0_22
0
1
1
1
1
1
1
1
1
1
1
1
1
1
1
1
1
1
1
1
0
0

0224_143_2.6694_2.1216_26_35
1
1
1
1
1
1
1
1
1
1

0224_143_2.6694_2.1216_108_117
1
1
1
1
1
1
1
1
1
1

0227_132_2.2685_0.8721_4_40
1
1
1
1
1
1
1
1
1
1
1
1
1
1
1
1
1
1
1
1
1
1
1
1
1
1
1
1
1
1
0
0
0
0
0

0227_132_2.2685_0.8721_42_74
1
1
1
1
1
1
1
1
1
1
1
1
1
1
1
1
1
1
1
0
0
0
0
0

0227_132_2.2685_0.8721_97_123
1
1
1
1
1
1
1
1
1
1
1
1
1
1
1
1
1
1
1
1
1
1
0
0
0
0

0231_109_2.4930_1.8664_6_15
1
1
1
1
1
1
1
1
1
1

0234_62_2.4983_1.5126_2_36
0
0
0
0
0
0
0
0
0
1
1
1
1
1
1
1
1
1
1
1
1
1
1
1
1
1
1
1
0
0
0
0

0234_62_2.4983_1.5126_105_135
1
1
1
1
1
1
1
1
1
1
1
1
1
1
1
1
1
1
1

0235_151_2.0987_0.1061_12_33
1
1
1
1
1
1
1
1
1
1
1
1
1
1
1
1
1
1
1
1
1

0235_151_2.0987_0.1061_36_46
1
1
1
1
1
1
1
1
1
1
1

0235_151_2.0987_0.1061_104_123
1
1
1
1
1
1
1
1
1
1
1
1
1
1
1
1
1
1
1

0235_151_2.0987_0.1061_133_142
1
1
1
1
1
1
1
1
1
1

0237_129_2.3855_1.6431_0_56
0
0
0
0
1
1
1
1
1
1
1
1
1
1
1
1
1
1
1
1
1
1
1
1
1
1
1
0
0
0
0
0
0
0
0
0
0
0
0
0
0
0
0
0
0
0
0
0
0
0
0
0
0
0
0
0

0237_129_2.3855_1.6431_104_130
1
1
1
1
1
1
1
1
1
1
1
1
1
1
1
1
1
1
1
1
1
1
1
1
1
1
1

0238_116_2.4675_2.0031_10_19
1
1
1
1
1
1
1
1
1
1

0238_116_2.4675_2.0031_122_140
1
1
1
1
1
1
1
1
1
1
1
1
1
1
1
1
1
1
1

0239_191_2.5854_2.0873_128_137
1
1
1
1
1
1
1
1
1
1

0240_179_2.1124_1.4665_0_16
1
1
1
1
1
1
1
1
1
1
1
1
0
0
0
0

0241_63_1.8588_0.6811_0_23
1
1
1
1
1
1
1
1
1
1
1
1
1
1
1
1
1
1
1
1
1
1
1
1

0241_63_1.8588_0.6811_102_113
1
1
1
1
1
1
1
1
1
1
1
1

0242_80_1.9427_0.9058_93_102
1
1
1
1
1
1
1
1
1
1

0242_80_1.9427_0.9058_116_135
1
1
1
1
1
1
1
1
1
1
1
1
1
1
1
1
1
1
1
1

0245_140_2.0183_1.5070_0_10
1
1
1
1
1
1
1
1
1
1
1

0245_140_2.0183_1.5070_110_121
1
1
1
1
1
1
1
1
1
1
1
1

0246_313_2.2626_1.0399_0_35
0
0
0
0
0
0
0
1
1
1
1
1
1
1
1
1
1
1
1
1
1
1
1
1
1
1
1
1
1
1
1
1
1
1
0

0247_198_2.1121_1.3805_0_18
1
1
1
1
1
1
1
1
1
1
1
1
1
1
1
1
1
1
1

0248_243_2.0053_1.2463_0_49
1
1
1
1
1
1
1
1
1
1
1
0
0
0
0
0
0
0
0
1
1
1
1
1
1
1
1
1
1
1
1
1
1
1
1
1
1
1
0
0
0
0
0
0
0
0
0
0
0

0249_190_1.9972_1.1605_0_17
1
1
1
1
1
1
1
1
1
1
1
1
1
1
1
1
1
1

0249_190_1.9972_1.1605_90_100
1
1
1
1
1
1
1
1
1
1
1

0250_302_2.2402_1.6255_0_12
1
1
1
1
1
1
1
1
1
1
1
1
1

0251_210_2.0730_1.5467_0_33
0
0
0
0
0
0
0
1
1
1
1
1
1
1
1
1
1
1
1
1
1
1
1
1
1
1
0
0
0
0
0
0
0

0253_95_1.9461_1.3393_0_13
1
1
1
1
1
1
1
1
1
1
1
1
0

0253_95_1.9461_1.3393_90_105
1
1
1
1
1
1
1
1
1
1
1
1

0254_66_1.8211_0.6148_5_20
1
1
1
1
1
1
1
1
1
1
1
1
1
1
1
1

0254_66_1.8211_0.6148_97_107
1
1
1
1
1
1
1
1
1
1
1

0254_66_1.8211_0.6148_109_129
1
1
1
1
1
1
1
1
1
1
1
0
0
0
0
0
0
0
0
0

0255_434_2.0147_1.3605_98_111
1
1
1
1
1
1
1
1
1
1
1
1
1
1

0255_434_2.0147_1.3605_118_136
1
1
1
1
1
1
1
1
1
1
1
1
1
1
1
1
1
1
1

